0 0.04888888888888889 0.8855555555555555 0.09333333333333334 0.1711111111111111
0 0.18888888888888888 0.5944444444444444 0.1688888888888889 0.2866666666666667
0 0.24888888888888888 0.8311111111111111 0.08888888888888889 0.22666666666666666
0 0.3522222222222222 0.6333333333333333 0.11777777777777777 0.31555555555555553
0 0.5077777777777778 0.4122222222222222 0.15777777777777777 0.31333333333333335
0 0.5911111111111111 0.8133333333333334 0.10222222222222223 0.2222222222222222
0 0.6977777777777778 0.6411111111111111 0.13777777777777778 0.37555555555555553
0 0.79 0.8855555555555555 0.06 0.19333333333333333
0 0.82 0.5455555555555556 0.17333333333333334 0.31777777777777777
0 0.9355555555555556 0.8355555555555556 0.10222222222222223 0.1688888888888889
