0 0.04666666666666667 0.4444444444444444 0.07555555555555556 0.28444444444444444
0 0.15777777777777777 0.46444444444444444 0.09777777777777778 0.3688888888888889
0 0.26 0.43222222222222223 0.07111111111111111 0.32666666666666666
0 0.32555555555555554 0.4888888888888889 0.04666666666666667 0.22666666666666666
0 0.3933333333333333 0.45 0.08 0.33555555555555555
0 0.5011111111111111 0.44 0.08666666666666667 0.3377777777777778
0 0.6133333333333333 0.4444444444444444 0.10222222222222223 0.3688888888888889
0 0.7088888888888889 0.42444444444444446 0.09333333333333334 0.3333333333333333
0 0.8388888888888889 0.4066666666666667 0.07333333333333333 0.28888888888888886
0 0.9544444444444444 0.4166666666666667 0.07777777777777778 0.2911111111111111
