0 0.05 0.8922222222222222 0.08666666666666667 0.18444444444444444
0 0.19 0.6022222222222222 0.1622222222222222 0.3111111111111111
0 0.24555555555555555 0.8088888888888889 0.08666666666666667 0.20444444444444446
0 0.3488888888888889 0.6422222222222222 0.10666666666666666 0.3377777777777778
0 0.4911111111111111 0.4177777777777778 0.14222222222222222 0.3377777777777778
0 0.5911111111111111 0.8166666666666667 0.10222222222222223 0.20666666666666667
0 0.7066666666666667 0.6655555555555556 0.1111111111111111 0.34444444444444444
0 0.8244444444444444 0.5666666666666667 0.14666666666666667 0.31555555555555553
0 0.78 0.8777777777777778 0.06222222222222222 0.20444444444444446
0 0.9488888888888889 0.8222222222222222 0.09333333333333334 0.17333333333333334
