0 0.04777777777777778 0.44555555555555554 0.07333333333333333 0.2822222222222222
0 0.15777777777777777 0.4577777777777778 0.08 0.36
0 0.25666666666666665 0.45 0.07777777777777778 0.32666666666666666
0 0.3244444444444444 0.4922222222222222 0.057777777777777775 0.23777777777777778
0 0.3844444444444444 0.4311111111111111 0.08444444444444445 0.28888888888888886
0 0.4888888888888889 0.42333333333333334 0.08444444444444445 0.32222222222222224
0 0.6122222222222222 0.43555555555555553 0.09555555555555556 0.3466666666666667
0 0.7133333333333334 0.42666666666666664 0.08888888888888889 0.30666666666666664
0 0.8311111111111111 0.4177777777777778 0.08444444444444445 0.28444444444444444
0 0.9533333333333334 0.4211111111111111 0.07555555555555556 0.2822222222222222
