0 0.051111111111111114 0.89 0.08888888888888889 0.20666666666666667
0 0.19777777777777777 0.5877777777777777 0.13333333333333333 0.2822222222222222
0 0.24888888888888888 0.8211111111111111 0.07555555555555556 0.18444444444444444
0 0.34555555555555556 0.6444444444444445 0.09111111111111111 0.30666666666666664
0 0.4955555555555556 0.43 0.13777777777777778 0.3622222222222222
0 0.5955555555555555 0.8155555555555556 0.09333333333333334 0.20444444444444446
0 0.7044444444444444 0.6566666666666666 0.1111111111111111 0.31333333333333335
0 0.8233333333333334 0.5544444444444444 0.1622222222222222 0.2822222222222222
0 0.7822222222222223 0.88 0.07111111111111111 0.18222222222222223
0 0.9466666666666667 0.8277777777777777 0.08888888888888889 0.1622222222222222
