0 0.056666666666666664 0.4577777777777778 0.07777777777777778 0.28888888888888886
0 0.1622222222222222 0.4711111111111111 0.08888888888888889 0.36
0 0.2644444444444444 0.45 0.08 0.31777777777777777
0 0.3244444444444444 0.5022222222222222 0.044444444444444446 0.2222222222222222
0 0.3844444444444444 0.4288888888888889 0.08444444444444445 0.29777777777777775
0 0.4911111111111111 0.43222222222222223 0.09333333333333334 0.3088888888888889
0 0.6133333333333333 0.44555555555555554 0.08888888888888889 0.35777777777777775
0 0.7066666666666667 0.42444444444444446 0.09333333333333334 0.3022222222222222
0 0.8277777777777777 0.4111111111111111 0.09555555555555556 0.28888888888888886
0 0.9555555555555556 0.4288888888888889 0.08 0.28888888888888886
