0 0.09 0.6055555555555555 0.11777777777777777 0.2688888888888889
0 0.1988888888888889 0.48777777777777775 0.09111111111111111 0.20666666666666667
0 0.31222222222222223 0.52 0.09555555555555556 0.19111111111111112
0 0.4011111111111111 0.6177777777777778 0.11333333333333333 0.29777777777777775
0 0.42777777777777776 0.39444444444444443 0.08222222222222222 0.18888888888888888
0 0.5033333333333333 0.4222222222222222 0.06888888888888889 0.19111111111111112
0 0.5366666666666666 0.6222222222222222 0.09555555555555556 0.24888888888888888
0 0.64 0.4111111111111111 0.1111111111111111 0.21333333333333332
0 0.7833333333333333 0.6033333333333334 0.10444444444444445 0.2288888888888889
0 0.8633333333333333 0.47555555555555556 0.14888888888888888 0.21777777777777776
0 0.8877777777777778 0.7144444444444444 0.07333333333333333 0.20222222222222222
