0 0.051111111111111114 0.8944444444444445 0.08888888888888889 0.18888888888888888
0 0.2088888888888889 0.5755555555555556 0.17777777777777778 0.25333333333333335
0 0.25666666666666665 0.81 0.10444444444444445 0.19333333333333333
0 0.33666666666666667 0.6466666666666666 0.12222222222222222 0.28888888888888886
0 0.4822222222222222 0.43 0.14222222222222222 0.35777777777777775
0 0.6 0.8233333333333334 0.11555555555555555 0.18
0 0.7022222222222222 0.6544444444444445 0.13333333333333333 0.32666666666666666
0 0.8233333333333334 0.5577777777777778 0.16666666666666666 0.3022222222222222
0 0.7877777777777778 0.88 0.04666666666666667 0.2088888888888889
0 0.9344444444444444 0.8411111111111111 0.10888888888888888 0.1622222222222222
